colormap.map

# PRIMARY

 0  0  0  0
 0  0  0  0
 0  0  0  0
 0  0  0  0
 0  0  0  0
 0  0  0  0
 0  0  0  0
 0  0  0  0

 0  0  0  0
 0  0  0  0
 0  0  0  0
 0  0  0  0
 0  0  0  0
 0  0  0  0
 0  0  0  0
 0  0  0  0

# NAV

 0  0  0  0
 0  0  0  0
 0  0  0  0
 0  0  0  0
 0  0  0  0
 0  0  0  0
 0  0  0  0
 0  0  0  0

 0  0  0  0
 0  0  0  0
 0  0  0  0
 0  0  0  0
 0  0  0  0
 0  0  0  0
 0  0  0  0
 0  0  0  0

# AUX

 0  0  0  0
 0  0  0  0
 0  0  0  0
 0  0  0  0
 0  0  0  0
 0  0  0  0
 0  0  0  0
 0  0  0  0

 0  0  0  0
 0  0  0  0
 0  0  0  0
 0  0  0  0
 0  0  0  0
 0  0  0  0
 0  0  0  0
 0  0  0  0

# EMOJI

 0  0  0  0
 0  0  0  0
 0  0  0  0
 0  0  0  0
 0  0  0  0
 0  0  0  0
 0  0  0  0
 0  0  0  0

 0  0  0  0
 0  0  0  0
 0  0  0  0
 0  0  0  0
 0  0  0  0
 0  0  0  0
 0  0  0  0
 0  0  0  0

# Empty

 0  0  0  0
 0  0  0  0
 0  0  0  0
 0  0  0  0
 0  0  0  0
 0  0  0  0
 0  0  0  0
 0  0  0  0

 0  0  0  0
 0  0  0  0
 0  0  0  0
 0  0  0  0
 0  0  0  0
 0  0  0  0
 0  0  0  0
 0  0  0  0
